0   10063
1   1627
2   2493
3   4142
4   5316
5   4649
6   6793
7   2954
8   2621
9   5819
10   8203
11   6027
12   2874
13   3681
14   5637
15   2586
16   10045
17   3658
18   2033
19   7330
20   7651
21   2367
22   19095
23   82
24   6237
25   1079
26   10358
27   10045
28   2433
29   4126
30   1746
31   1905
32   3844
33   5986
34   4757
35   5452
36   6626
37   8795
38   2132
39   2461
40   2750
41   16173
42   2175
43   3314
44   5475
45   6495
46   6171
47   2343
48   2880
49   396
50   7104
51   2179
52   1342
53   4714
54   2302
55   2110
56   5632
57   4782
58   6495
59   1509
60   14594
61   6519
62   1183
63   936
64   1409
65   233
66   1460
67   313
68   1884
69   1638
70   2138
71   684
72   10728
73   1752
74   674
75   905
76   4751
77   806
78   327
79   236
80   184
81   4242
82   1866
83   3249
84   1607
85   1042
86   12861
87   1142
88   831
89   16489
90   18057
91   14154
92   5332
93   4521
94   7379
95   10871
96   3451
97   1706
98   1335
99   1100
100   900
101   3583
102   444
103   1486
104   1879
105   21167
106   1184
107   455
108   833
109   6855
110   13987
111   2256
112   9007
113   231
114   1667
115   2289
116   1781
117   1476
118   4302
119   10399
120   6129
121   8527
122   6004
123   5061
124   5881
125   2046
126   369
127   930
128   1109
129   1134
130   789
131   983
132   4556
133   8782
134   1375
135   1375
136   8269
137   1574
138   11378
139   6519
140   2833
141   5901
142   5902
143   10197
144   2850
145   3384
146   5719
147   4286
148   1955
149   8573
150   18975
151   2109
152   1614
153   848
154   8203
155   644
156   1636
157   2045
158   2717
159   8103
160   17570
161   3925
162   535
163   179
164   1233
165   6793
166   8272
167   2130
168   7577
169   7985
170   1236
171   5160
172   13820
173   413
174   5772
175   6258
176   1405
177   2952
178   674
179   1081
180   622
181   1002
182   5340
183   4131
184   1773
185   2415
186   10163
187   5183
188   7750
189   4063
190   4997
191   5714
192   5394
193   2033
194   4651
195   4184
196   5261
197   4769
198   2722
199   3057
200   7751
201   359
202   1581
203   1490
204   2446
205   10163
206   412
207   1887
208   258
209   2786
210   1215
211   5183
212   5395
213   601
214   999
215   1431
216   3810
217   2775
218   1499
219   2654
220   1012
221   1084
222   1671
223   3369
224   1815
225   185
226   2628
227   942
228   942
229   1322
230   1477
231   3769
232   3724
233   1851
234   3369
235   6307
236   1114
237   4497
238   801
239   14695
240   7171
241   9263
242   3414
243   588
244   588
245   1866
246   651
247   810
248   336
249   264
250   636
251   726
252   989
253   106
254   323
255   653
256   1291
257   1732
258   2786
259   459
260   10163
261   550
262   569
263   3405
264   663
265   2558
266   1178
267   10951
268   7812
269   56
270   8974
271   4928
272   4630
273   1897
274   840
275   1465
276   263
277   148
278   987
279   1324
280   416
281   183
282   4446
283   1759
284   380
285   4691
286   172
287   4619
288   475
289   781
290   3774
291   1312
292   3466
293   4458
294   11306
295   3438
296   4199
297   3088
298   909
299   12127
300   335
301   8204
302   249
303   2316
304   582
305   3466
306   167
307   385
308   605
309   4610
310   1517
311   686
312   399
313   3744
314   373
315   3831
316   7044
317   8093
318   1484
319   1927
320   481
321   4521
322   6919
323   7632
324   451
325   3901
326   2163
327   7379
328   164
329   9901
330   1384
331   4328
332   2524
333   515
334   286
335   2874
336   873
337   2349
338   13056
339   4790
340   8887
341   3277
342   6943
343   11733
344   8736
345   8203
346   2511
347   231
348   79
349   56
350   120
351   78
352   528
353   2138
354   516
355   958
356   157
357   8838
358   154
359   1230
360   5674
361   255
362   1909
363   1348
364   277
365   2091
366   987
367   3755
368   2554
369   2221
370   1691
371   4438
372   406
373   1457
374   76
375   599
376   82
377   1630
378   234
379   639
380   2065
381   383
382   4002
383   670
384   518
385   1269
386   366
387   2210
388   1704
389   639
390   154
391   4317
392   1522
393   2046
394   171
395   622
396   3796
397   1282
398   139
399   3612
400   146
401   4109
402   3282
403   2611
404   337
405   453
406   714
407   4624
408   173
409   120
410   1318
411   839
412   2649
413   907
414   2716
415   550
416   3130
417   727
418   2500
419   753
420   1915
421   893
422   97
423   6838
424   4908
425   213
426   1538
427   49
428   2356
429   241
430   651
431   953
432   5027
433   945
434   862
435   7067
436   3724
437   3440
438   2115
439   1951
440   1654
441   70
442   3643
443   1288
444   3537
445   6110
446   29
447   5423
448   8144
449   779
450   2864
451   2033
452   262
453   6883
454   6136
455   2147
456   3982
457   5349
458   1603
459   7351
460   1445
461   547
462   4533
463   3489
464   3663
465   3574
466   9117
467   1345
468   4533
469   6236
470   6579
471   721
472   258
473   754
474   99
475   2025
476   2438
477   2237
478   727
479   2875
480   2574
481   1221
482   1604
483   678
484   1873
485   4188
486   1149
487   4518
488   3721
489   11791
490   1274
491   7976
492   1566
493   1400
494   3480
495   2538
496   5111
497   4985
498   13461
499   306
500   7651
501   9312
502   2222
503   2528
504   4381
505   10427
506   2980
507   2922
508   2264
509   861
510   2098
511   1735
512   3100
513   3250
514   2018
515   2852
516   333
517   2119
518   323
519   535
520   709
521   3341
522   4347
523   2168
524   2959
525   1161
526   2088
527   1892
528   1456
529   485
530   2850
531   280
532   224
533   7165
534   1202
535   441
536   1525
537   958
538   3341
539   1453
540   595
541   857
542   2120
543   2603
544   2522
545   257
546   2812
547   431
548   603
549   3155
550   452
551   564
552   179
553   1598
554   2188
555   552
556   1242
557   61
558   164
559   635
560   2197
561   1859
562   169
563   56
564   156
565   2955
566   1866
567   12670
568   8740
569   1524
570   4520
571   7636
572   5202
573   5580
574   2408
575   758
576   364
577   1465
578   1382
579   22057
580   1418
581   2921
582   1025
583   968
584   2438
585   4028
586   160
587   199
588   553
589   2014
590   2648
591   3578
592   813
593   2393
594   2426
595   4683
596   326
597   1709
598   10873
599   2850
600   984
601   468
602   1032
603   2119
604   634
605   1476
606   1958
607   341
608   197
609   3989
610   49
611   442
612   3616
613   3540
614   1073
615   3442
616   1092
617   390
618   12127
619   2586
620   1379
621   6530
622   2960
623   1209
624   1794
625   321
626   8643
627   5890
628   3677
629   2650
630   5468
631   4106
632   9474
633   4930
634   1332
635   3955
636   5881
637   2199
638   1006
639   2112
640   5881
641   2164
642   978
643   11723
644   2160
645   496
646   366
647   1186
648   9822
649   3135
650   11462
651   551
652   597
653   9797
654   352
655   1641
656   8076
657   93
658   15019
659   2666
660   1671
661   437
662   282
663   127
664   3989
665   1751
666   1414
667   615
668   1702
669   1779
670   928
671   74
672   229
673   876
674   698
675   545
676   727
677   3286
678   1981
679   1392
680   2628
681   741
682   1962
683   4884
684   325
685   1895
686   2040
687   3479
688   7215
689   1683
690   482
691   6220
692   4419
693   410
694   4962
695   2791
696   6332
697   2991
698   1374
699   8445
700   10515
701   1827
702   12409
703   352
704   13872
705   6220
706   7670
707   7080
708   8677
709   1813
710   3479
711   979
712   3474
713   1084
714   5309
715   23144
716   739
717   4335
718   476
719   4335
720   3031
721   15891
722   4142
723   1374
724   2970
725   3835
726   9757
727   3811
728   2461
729   1677
730   2880
731   1696
732   4428
733   1227
734   3946
735   1995
736   1120
737   1167
738   524
739   4610
740   6626
741   3619
742   2991
743   910
744   8445
745   9684
746   8400
747   7379
748   7757
749   18075
750   1358
751   15640
752   979
753   676
754   3774
755   1768
756   384
757   1735
758   1983
759   2815
760   5557
761   101
762   666
763   15164
764   317
765   75
766   5175
767   937
768   937
769   3619
770   20782
771   63
772   6128
773   1285
774   8306
775   464
776   1242
777   1143
778   7104
779   7753
780   3489
781   1989
782   4242
783   716
784   948
785   5121
786   2654
787   3740
788   107
789   3635
790   1785
791   2037
792   1586
793   4147
794   42
795   361
796   943
797   1369
798   1729
799   357
800   1805
801   2616
802   1845
803   4916
804   298
805   1951
806   365
807   478
808   1452
809   1839
810   945
811   1584
812   2028
813   2080
814   5183
815   4038
816   1342
817   871
818   2250
819   8651
820   2700
821   1299
822   3213
823   739
824   8237
825   2488
826   1355
827   2342
828   610
829   4374
830   1467
831   4974
832   2956
833   8233
834   1808
835   5772
836   2671
837   2175
838   7101
839   616
840   3324
841   3740
842   1530
843   1610
844   6178
845   1241
846   3235
847   1254
848   2069
849   3279
850   1815
851   356
852   8795
853   11
854   10792
855   3677
856   3955
857   8643
858   4649
859   3658
860   3647
861   877
862   2137
863   3544
864   1447
865   46
866   1068
867   5470
868   1027
869   2627
870   4142
871   274
872   578
873   107
874   502
875   4075
876   5691
877   9929
878   1611
879   5819
880   5890
881   6793
882   8076
883   2270
884   140
885   4720
886   215
887   857
888   4726
889   9747
890   822
891   106
892   1525
893   3748
894   576
895   7211
896   167
897   874
898   3120
899   1138
900   2849
901   195
902   712
903   4757
904   1222
905   675
906   1410
907   15059
908   15007
909   3062
910   469
911   2985
912   307
913   7270
914   4142
915   1671
916   9269
917   1998
918   4241
919   2542
920   5065
921   3489
922   538
923   3140
924   5779
925   8290
926   3340
927   2945
928   4790
929   6051
930   314
931   4260
932   13926
933   3974
934   1933
935   5978
936   9627
937   5831
938   5831
939   5646
940   771
941   2864
942   2407
943   2781
944   1169
945   1697
946   541
947   2461
948   325
949   206
950   10063
951   2645
952   1779
953   845
954   333
955   1008
956   1125
957   233
958   480
959   207
960   95
961   81
962   264
963   509
964   1149
965   294
966   7787
967   209
968   89
969   1211
970   391
971   451
972   977
973   1192
974   968
975   314
976   234
977   364
978   2486
979   394
980   174
981   52
982   859
983   771
984   1099
985   8144
986   1631
987   994
988   144
989   3120
990   90
991   2732
992   3469
993   62
994   731
995   638
996   808
997   830
998   857
999   220
