79669.92319570239
86267.67410239822
72260.3536067191
75132.40765927373
68932.60291311938
71197.83341084422
67782.53778454599
69379.5774140639
67383.7075588818
68477.80188343054
67207.1847962549
68004.15388365863
67138.95537951023
67708.2593907943
67131.66393459443
67524.47691368226
67132.11109106004
67413.71012183715
67138.84981449749
67339.82543896789
67149.78500618717
67290.83065800123
67158.76207904133
67259.225745451
67166.02938066795
67237.78022610971
67172.32050731938
67223.12743899359
67177.144372955
67213.31945185881
67180.75113811194
67206.59757737034
67183.54912114854
67201.93310326697
67185.63238884341
67198.74209313339
67187.15939553762
67196.52571855183
67188.29833356968
67194.97937612626
67189.13216054543
67193.90362972672
67189.74037804158
67193.15073825314
67190.1847357345
67192.62137401615
67190.50788329709
67192.2503550212
67190.74238031513
67191.98879608726
67190.91290194275
67191.80442696415
67191.03608699144
67191.67433607833
